{
 "cells": [
  {
   "cell_type": "code",
   "execution_count": 109,
   "metadata": {},
   "outputs": [],
   "source": [
    "from IntegralQuery import SearchQuery, IntegralQuery, Filter, Range #################################################\n",
    "import numpy as np\n",
    "from dataclasses import dataclass\n",
    "import astropy.units as u\n",
    "from astropy.coordinates import SkyCoord\n",
    "from datetime import datetime\n",
    "from numba import njit, vectorize\n",
    "\n",
    "\n",
    "\n",
    "@njit\n",
    "def calculate_distance_matrix(quick_list, angle_weight, time_weight, max_distance):\n",
    "    l = len(quick_list)\n",
    "    distances = np.full((l,l), 2*max_distance)\n",
    "    \n",
    "    partitions = [0]\n",
    "    for i in range(1,l):\n",
    "        if quick_list[i,2]-quick_list[i-1,2] > max_distance/angle_weight:\n",
    "            partitions.append(i)\n",
    "    partitions.append(l)\n",
    "    \n",
    "    for i in range(len(partitions)-1):\n",
    "        for j in range(partitions[i], partitions[i+1]):\n",
    "\n",
    "            for k in range(j+1, partitions[i+1]):\n",
    "                distances[j,k] = distances[k,j] = calculate_distance(quick_list[j],quick_list[k],\n",
    "                                                                     angle_weight,time_weight)\n",
    "                \n",
    "    # np.fill_diagonal(distances,0.)\n",
    "            \n",
    "    return np.array(partitions), distances\n",
    "\n",
    "@njit\n",
    "def calculate_distance(point1, point2, angle_weight, time_weight):\n",
    "    ang_dis = np.arccos( np.sin(point1[1])*np.sin(point2[1]) # Large Error for very small angles\n",
    "                        + np.cos(point1[1])*np.cos(point2[1]) * np.cos(point1[0] - point2[0]) )\n",
    "    time_dis = abs(point1[2] - point2[2])\n",
    "    return ( (angle_weight*ang_dis)**2 + (time_weight*time_dis)**2 )**0.5\n",
    "\n",
    "@njit\n",
    "def find_regions(distances, max_distance, partitions):\n",
    "    regions = []\n",
    "    for i,partition in enumerate(partitions[:-1]):\n",
    "        unconnected = [j for j in range(partition, partitions[i+1])]\n",
    "        while not len(unconnected)==0:\n",
    "            temp_region = [unconnected.pop(0)]\n",
    "            search_index = 0\n",
    "            while search_index < len(temp_region):\n",
    "                l = len(unconnected)\n",
    "                for j in range(l-1,-1,-1):\n",
    "                    if distances[ temp_region[search_index], unconnected[j] ] < max_distance:\n",
    "                        temp_region.append(unconnected.pop(j))\n",
    "                search_index += 1\n",
    "            regions.append(sorted(temp_region))\n",
    "    return regions\n",
    "        \n",
    "        \n",
    "    \n",
    "    \n",
    "\n",
    "class Cluster:\n",
    "    def __init__(self,\n",
    "                 index,\n",
    "                 region):\n",
    "        self.indices = [index]\n",
    "        self.avg_distance = 0\n",
    "        self.pointings = None\n",
    "        self.region = region\n",
    "        \n",
    "    def add_pointing(self, index):\n",
    "        \n",
    "    \n",
    "        \n",
    "\n",
    "@dataclass\n",
    "class Pointing:\n",
    "    '''\n",
    "    Dataclass that represents a single Pointing\n",
    "    '''\n",
    "    scw_id: str\n",
    "    sky_coords: SkyCoord\n",
    "    start_time: datetime\n",
    "    cluster: Cluster = None\n",
    "    \n",
    "    def distance_calculator(self, pointing2, angle_weight: float, time_weight: float): #####################################################\n",
    "        return ( (angle_weight * self.sky_coords.separation(pointing2.sky_coords).deg)**2\n",
    "                + (time_weight * abs( (self.start_time - pointing2.start_time).total_seconds()/86400 ) )**2 )**0.5\n",
    "\n",
    "\n",
    "\n",
    "\n",
    "\n",
    "\n",
    "class ClusteredQuery:\n",
    "    def __init__(self,\n",
    "                 scw_ids, # Has to be sorted by START_DATE\n",
    "                 angle_weight,\n",
    "                 time_weight,\n",
    "                 max_distance,\n",
    "                 cluster_size_range = (3,5),\n",
    "                 cluster_size_preference_threshold = (3,3)):\n",
    "        \"\"\"\n",
    "        Init the Clustered Query object. Used to cluster pointings\n",
    "        \n",
    "        \"\"\"\n",
    "        \n",
    "        self._cluster_size_range = cluster_size_range\n",
    "        self._cluster_size_preference_threshold = cluster_size_preference_threshold\n",
    "        \n",
    "        self._num_pointings = len(scw_ids)\n",
    "        \n",
    "        self.quick_list = np.zeros((self._num_pointings, 3))\n",
    "        self.quick_list[:,0:2] = scw_ids[:,1:3]\n",
    "        for i in range(self._num_pointings):\n",
    "            self.quick_list[i,2] = (scw_ids[i,3] - datetime(2000,1,1,0,0,0)).total_seconds()/86400\n",
    "            \n",
    "        partitions, self._distances = calculate_distance_matrix(self.quick_list, angle_weight, time_weight, max_distance)\n",
    "        \n",
    "        self._region_indices = find_regions(self._distances, max_distance, partitions)\n",
    "        \n",
    "        \n",
    "        self._pointings = np.array([Pointing(pointing[0],\n",
    "                                            SkyCoord(pointing[1],pointing[2],frame=\"icrs\",unit=\"deg\"),\n",
    "                                            pointing[3])\n",
    "                                    for pointing in scw_ids])\n",
    "        \n",
    "        self._regions = []\n",
    "        \n",
    "        for i in self._region_indices:\n",
    "            self._regions.append(Region(i, self))\n",
    "            \n",
    "    \n",
    "    \n",
    "    @property\n",
    "    def pointings(self):\n",
    "        \"\"\"\n",
    "        :returns: Base List of Pointings\n",
    "        \"\"\"\n",
    "        return self._pointings\n",
    "    \n",
    "    @property\n",
    "    def distances(self):\n",
    "        \"\"\"\n",
    "        :returns: Base Distance Matrix of Pointings\n",
    "        \"\"\"\n",
    "        return self._distances\n",
    "    \n",
    "    \n",
    "    \n",
    "class Region:\n",
    "    def __init__(self,\n",
    "                 region,\n",
    "                 query\n",
    "                 ):\n",
    "        self._region = region\n",
    "        \n",
    "        self._query = query\n",
    "        \n",
    "        self._distances = query._distances[region,:][:,region] ############ point?\n",
    "        self._sortable_distances = np.concatenate((self._distances,np.array([region]).T),axis=1) # Adds indices as right column, sort using a[a[:,x].argsort()]\n",
    "        \n",
    "        self._clusters = []\n",
    "        \n",
    "        self.initial_clustering()\n",
    "        \n",
    "        print(region)\n",
    "        print(self._distances)\n",
    "    \n",
    "    def initial_clustering(self):\n",
    "        \n",
    "        \n",
    "        for i, index in enumerate(self._region):\n",
    "            pass\n",
    "            \n",
    "        \n",
    "\n",
    "\n",
    "\n",
    "\n"
   ]
  },
  {
   "cell_type": "code",
   "execution_count": 110,
   "metadata": {},
   "outputs": [
    {
     "name": "stderr",
     "output_type": "stream",
     "text": [
      "WARNING: UnitsWarning: 'ISO' did not parse as fits unit: At col 0, Unit 'ISO' not supported by the FITS standard.  If this is meant to be a custom unit, define it with 'u.def_unit'. To have it recognized inside a file reader or other code, enable it with 'u.add_enabled_units'. For details, see https://docs.astropy.org/en/latest/units/combining_and_defining.html [astropy.units.core]\n"
     ]
    }
   ],
   "source": [
    "searchquerry = SearchQuery(object_name=\"Cyg X-1\", resultmax=0)\n",
    "cat = IntegralQuery(searchquerry)\n",
    "f = Filter(SCW_TYPE=\"POINTING\")\n",
    "scw_ids = cat.apply_filter(f,True)"
   ]
  },
  {
   "cell_type": "code",
   "execution_count": 111,
   "metadata": {},
   "outputs": [
    {
     "name": "stdout",
     "output_type": "stream",
     "text": [
      "[0, 1, 2, 3, 4, 5, 6, 7, 8, 9, 10, 11, 12, 13, 14, 15, 16, 17, 18, 19, 20, 21, 22, 23, 24, 25, 26, 27, 28, 29, 30, 31, 32, 33, 34, 35, 36, 37, 38, 39, 40, 41, 42, 43, 44, 45, 46, 47, 48, 49, 50, 51, 52, 53, 54, 55, 56, 57, 58, 59, 60, 61, 62, 63, 64, 65, 66, 67, 68, 69, 70, 71, 72, 73, 74, 75, 76, 77, 78, 79, 80, 81, 82, 83, 84, 85, 86, 87, 88, 89, 90, 91, 92, 93, 94, 95, 96, 97, 98, 99, 100, 101, 102, 103, 104, 105, 106, 107, 108, 109, 110, 111, 112, 113, 114, 115, 116, 117, 118, 119, 120, 121, 122, 123, 124, 125, 126, 127, 128, 129, 130, 131, 132, 133, 134, 135, 136, 137, 138, 139, 140, 141, 142, 143, 144, 145, 146, 147, 148, 149, 150, 151, 152, 153, 154, 155, 156, 157, 158, 159, 160, 161, 162, 163, 164, 165, 166, 167, 168, 169, 170, 171, 172, 173, 174, 175, 176, 177, 178, 179, 180, 181, 182, 183, 184, 185, 186, 187, 188, 189, 190, 191, 192, 193, 194, 195, 196, 197, 198, 199, 200, 201, 202, 203, 204, 205, 206, 207, 208, 209, 210, 211, 212, 213, 214, 215, 216, 217, 218, 219, 220, 221, 222, 223, 224, 225, 226, 227, 228, 229, 230, 231, 232, 233, 234, 235, 236, 237, 238, 239, 240, 241, 242, 243, 244, 245, 246, 247, 248, 249, 250, 251, 252, 253, 254, 255, 256, 257, 258, 259, 260, 261, 262, 263, 264, 265, 266, 267, 268, 269, 270, 271, 272, 273, 274, 275, 276, 277, 278, 279, 280, 281, 282, 283, 284, 285, 286, 287, 288, 289, 290, 291, 292, 293, 294, 295, 296, 297, 298, 299, 300, 301, 302, 303, 304, 305, 306, 307, 308, 309, 310, 311, 312, 313, 314, 315, 316, 317, 318, 319, 320, 321, 322, 323, 324, 325, 326, 327, 328, 329, 330, 331, 332, 333, 334, 335, 336, 337, 338, 339, 340, 341, 342, 343, 344, 345, 346, 347, 348, 349, 350, 351, 352, 353, 354, 355, 356, 357, 358, 359, 360, 361, 362, 363, 364, 365, 366, 367, 368, 369, 370, 371, 372, 373, 374, 375, 376, 377, 378, 379, 380, 381, 382, 383, 384, 385, 386, 387, 388, 389, 390, 391, 392, 393, 394, 395, 396, 397, 398, 399, 400, 401, 402, 403, 404, 405, 406, 407, 408, 409, 410, 411, 412, 413, 414, 415, 416, 417, 418, 419, 420, 421, 422, 423, 424, 425, 426, 427, 428, 429, 430, 431, 432, 433, 434, 435, 436, 437, 438, 439, 440, 441, 442, 443, 444, 445, 446, 447, 448, 449, 450, 451, 452, 453, 454, 455, 456, 457, 458, 459, 460, 461, 462, 463, 464, 465, 466, 467, 468, 469, 470, 471, 472, 473, 474, 475, 476, 477, 478, 479, 480, 481, 482, 483, 484, 485, 486, 487, 488, 489, 490, 491, 492, 493, 494, 495, 496, 497, 498, 499, 500, 501, 502, 503, 504, 505, 506, 507, 508, 509, 510, 511, 512, 513, 514, 515, 516, 517, 518, 519, 520, 521, 522, 523, 524, 525, 526, 527, 528, 529, 530, 531, 532, 533, 534, 535, 536, 537, 538, 539, 540, 541, 542, 543, 544, 545, 546, 547, 548, 549, 550, 551, 552, 553, 554, 555, 556, 557, 558, 559, 560, 561, 562, 563, 564, 565, 566, 567, 568, 569, 570, 571, 572, 573, 574, 575, 576, 577, 578, 579, 580, 581, 582, 583, 584, 585, 586, 587, 588, 589, 590, 591, 592, 593, 594, 595, 596, 597, 598, 599, 600, 601, 602, 603, 604, 605, 606, 607, 608, 609, 610, 611, 612, 613, 614, 615, 616, 617, 618, 619, 620, 621, 622, 623, 624, 625, 626, 627, 628, 629, 630, 631, 632, 633, 634, 635, 636, 637, 638, 639, 640, 641, 642, 643, 644, 645, 646, 647, 648, 649, 650, 651, 652, 653, 654, 655, 656, 657, 658, 659, 660, 661, 662, 663, 664, 665, 666, 667, 668, 669, 670, 671, 672, 673, 674, 675, 676, 677, 678, 679, 680, 681, 682, 683, 684, 685, 686, 687, 688, 689, 690, 691, 692, 693, 694, 695, 696, 697, 698, 699, 700, 701, 702, 703, 704, 705, 706, 707, 708, 709, 710, 711, 712, 713, 714, 715, 716, 717, 718, 719, 720, 721, 722, 723, 724, 725, 726, 727, 728, 729, 730, 731, 732, 733, 734, 735, 736, 737, 738, 739, 740, 741, 742, 743, 744, 745, 746, 747, 748, 749, 750, 751, 752, 753, 754, 755, 756, 757, 758, 759, 760, 761, 762, 763, 764, 765, 766, 767, 768, 769, 770, 771, 772, 773, 774, 775, 776, 777, 778, 779, 780, 781, 782]\n",
      "[[0.00000000e+00 1.07294737e-01 1.12354861e-01 ... 4.35090357e+01\n",
      "  4.35173589e+01 4.35721277e+01]\n",
      " [1.07294737e-01 0.00000000e+00 2.59259259e-02 ... 4.35024012e+01\n",
      "  4.35106928e+01 4.35660797e+01]\n",
      " [1.12354861e-01 2.59259259e-02 0.00000000e+00 ... 4.34764796e+01\n",
      "  4.34847712e+01 4.35401614e+01]\n",
      " ...\n",
      " [4.35090357e+01 4.35024012e+01 4.34764796e+01 ... 0.00000000e+00\n",
      "  5.08732235e-02 3.10264901e-01]\n",
      " [4.35173589e+01 4.35106928e+01 4.34847712e+01 ... 5.08732235e-02\n",
      "  0.00000000e+00 2.94359498e-01]\n",
      " [4.35721277e+01 4.35660797e+01 4.35401614e+01 ... 3.10264901e-01\n",
      "  2.94359498e-01 0.00000000e+00]]\n",
      "[783, 784, 785, 786, 787]\n",
      "[[0.         1.036923   5.70291797 5.54829331 6.19284691]\n",
      " [1.036923   0.         5.52564088 5.77847056 5.79703807]\n",
      " [5.70291797 5.52564088 0.         2.12277671 1.37249025]\n",
      " [5.54829331 5.77847056 2.12277671 0.         2.65067477]\n",
      " [6.19284691 5.79703807 1.37249025 2.65067477 0.        ]]\n",
      "[788, 789, 790, 791, 792, 793, 794, 795]\n",
      "[[0.         1.68408456 8.84413978 8.78745166 8.98022648 9.13614584\n",
      "  9.3314193  9.12733571]\n",
      " [1.68408456 0.         8.82839557 8.8195148  9.02835025 9.06735309\n",
      "  9.36425998 9.183164  ]\n",
      " [8.84413978 8.82839557 0.         0.47082756 0.46384086 2.25540128\n",
      "  0.75636427 2.68186372]\n",
      " [8.78745166 8.8195148  0.47082756 0.         0.21304954 1.84388158\n",
      "  1.10823343 2.57947435]\n",
      " [8.98022648 9.02835025 0.46384086 0.21304954 0.         1.87474113\n",
      "  0.96301315 2.52909027]\n",
      " [9.13614584 9.06735309 2.25540128 1.84388158 1.87474113 0.\n",
      "  2.73786447 1.31428596]\n",
      " [9.3314193  9.36425998 0.75636427 1.10823343 0.96301315 2.73786447\n",
      "  0.         2.20082024]\n",
      " [9.12733571 9.183164   2.68186372 2.57947435 2.52909027 1.31428596\n",
      "  2.20082024 0.        ]]\n",
      "[796, 797, 798, 799, 800, 801]\n",
      "[[0.         0.49495435 1.05045222 1.36536073 9.06584289 9.20545625]\n",
      " [0.49495435 0.         0.9160901  1.80921195 9.02820574 9.25135219]\n",
      " [1.05045222 0.9160901  0.         1.44545512 9.14432401 9.08636544]\n",
      " [1.36536073 1.80921195 1.44545512 0.         9.16290952 8.96169043]\n",
      " [9.06584289 9.02820574 9.14432401 9.16290952 0.         2.58887551]\n",
      " [9.20545625 9.25135219 9.08636544 8.96169043 2.58887551 0.        ]]\n",
      "[802, 803, 804, 805]\n",
      "[[0.         2.72365914 1.2501366  0.90660251]\n",
      " [2.72365914 0.         2.30780829 2.60945121]\n",
      " [1.2501366  2.30780829 0.         0.57351247]\n",
      " [0.90660251 2.60945121 0.57351247 0.        ]]\n",
      "[806, 807, 808, 809, 810, 811, 812, 813, 814, 815, 816, 817, 818, 819, 820, 821, 822, 823, 824, 825, 826, 827, 828, 829, 830, 831, 832, 833, 834, 835, 836, 837, 838, 839, 840, 841, 842, 843, 844, 845, 846, 847, 848, 849, 850, 851, 852, 853, 854, 855, 856, 857, 858, 859, 860, 861, 862, 863, 864, 865, 866, 867, 868, 869, 870, 871, 872, 873, 874, 875, 876, 877, 878, 879, 880, 881, 882, 883, 884, 885, 886, 887, 888, 889, 890, 891, 892, 893, 894, 895, 896, 897, 898, 899, 900, 901, 902, 903, 904, 905, 906, 907, 908, 909, 910, 911, 912, 913, 914, 915, 916, 917, 918, 919, 920, 921, 922, 923, 924, 925]\n",
      "[[0.         0.30118232 0.30724838 ... 9.2672655  8.8407304  9.10041785]\n",
      " [0.30118232 0.         0.59927237 ... 9.185981   8.82907507 9.0386971 ]\n",
      " [0.30724838 0.59927237 0.         ... 9.15367627 8.75785781 9.05947547]\n",
      " ...\n",
      " [9.2672655  9.185981   9.15367627 ... 0.         2.58160646 0.80646112]\n",
      " [8.8407304  8.82907507 8.75785781 ... 2.58160646 0.         2.88821217]\n",
      " [9.10041785 9.0386971  9.05947547 ... 0.80646112 2.88821217 0.        ]]\n",
      "[926, 927, 928, 929]\n",
      "[[0.         0.18689421 1.14500569 2.32009676]\n",
      " [0.18689421 0.         1.33038396 2.44830394]\n",
      " [1.14500569 1.33038396 0.         1.3142674 ]\n",
      " [2.32009676 2.44830394 1.3142674  0.        ]]\n",
      "[930, 931, 932]\n",
      "[[0.         0.04478264 0.22760984]\n",
      " [0.04478264 0.         0.19934134]\n",
      " [0.22760984 0.19934134 0.        ]]\n",
      "[933, 934, 935, 936, 937, 938, 939]\n",
      "[[0.         1.80274805 9.21308478 9.17128118 9.10823906 9.19980555\n",
      "  9.12656265]\n",
      " [1.80274805 0.         9.11316963 9.11367777 8.96373814 9.34042575\n",
      "  9.02177872]\n",
      " [9.21308478 9.11316963 0.         0.27142073 2.39039651 0.91122878\n",
      "  2.00217585]\n",
      " [9.17128118 9.11367777 0.27142073 0.         2.40612315 1.08175856\n",
      "  1.81838406]\n",
      " [9.10823906 8.96373814 2.39039651 2.40612315 0.         2.52916188\n",
      "  0.8182896 ]\n",
      " [9.19980555 9.34042575 0.91122878 1.08175856 2.52916188 0.\n",
      "  2.89553185]\n",
      " [9.12656265 9.02177872 2.00217585 1.81838406 0.8182896  2.89553185\n",
      "  0.        ]]\n",
      "[940, 941, 942, 943, 944, 945, 946, 947, 948, 949, 950, 951]\n",
      "[[0.         1.35162068 1.34993236 2.1109529  1.98301815 1.10230903\n",
      "  1.10072112 1.05078607 0.32277627 2.853268   0.90425511 2.96720136]\n",
      " [1.35162068 0.         0.03484279 0.78904609 0.89039271 1.15091734\n",
      "  1.16100142 0.83511475 1.15618241 1.5417685  1.27280274 2.19024427]\n",
      " [1.34993236 0.03484279 0.         0.79723494 0.90833865 1.12528332\n",
      "  1.13496781 0.80863095 1.14665832 1.54483855 1.2676411  2.18377607]\n",
      " [2.1109529  0.78904609 0.79723494 0.         0.39376067 1.69547625\n",
      "  1.70554583 1.46537817 1.93124619 0.76448114 1.80379354 1.47408273]\n",
      " [1.98301815 0.89039271 0.90833865 0.39376067 0.         1.9843187\n",
      "  1.99369885 1.69247098 1.89105192 0.87601245 1.59969731 1.54719399]\n",
      " [1.10230903 1.15091734 1.12528332 1.69547625 1.9843187  0.\n",
      "  0.02566936 0.338555   0.89031735 2.06645768 1.5337476  2.1976165 ]\n",
      " [1.10072112 1.16100142 1.13496781 1.70554583 1.99369885 0.02566936\n",
      "  0.         0.34259291 0.88574395 2.07236542 1.52385026 2.19257939]\n",
      " [1.05078607 0.83511475 0.80863095 1.46537817 1.69247098 0.338555\n",
      "  0.34259291 0.         0.78580831 2.01262738 1.31989906 2.33136795]\n",
      " [0.32277627 1.15618241 1.14665832 1.93124619 1.89105192 0.89031735\n",
      "  0.88574395 0.78580831 0.         2.67275564 0.78692148 3.01392977]\n",
      " [2.853268   1.5417685  1.54483855 0.76448114 0.87601245 2.06645768\n",
      "  2.07236542 2.01262738 2.67275564 0.         2.38678873 0.77687599]\n",
      " [0.90425511 1.27280274 1.2676411  1.80379354 1.59969731 1.5337476\n",
      "  1.52385026 1.31989906 0.78692148 2.38678873 0.         2.74880887]\n",
      " [2.96720136 2.19024427 2.18377607 1.47408273 1.54719399 2.1976165\n",
      "  2.19257939 2.33136795 3.01392977 0.77687599 2.74880887 0.        ]]\n",
      "[952]\n",
      "[[0.]]\n",
      "[953, 954, 955, 956, 957, 958, 959, 960, 961]\n",
      "[[ 0.          2.44665902  2.49033959  2.01146709  1.98956117  2.03048451\n",
      "  11.77969715 11.93152328 11.76016387]\n",
      " [ 2.44665902  0.          0.51253898  3.39148758  3.14156552  3.16705297\n",
      "  11.71018345 11.78460236 11.91063644]\n",
      " [ 2.49033959  0.51253898  0.          3.32177043  3.15654551  3.18155478\n",
      "  11.73706852 11.71602441 11.86070383]\n",
      " [ 2.01146709  3.39148758  3.32177043  0.          0.32715792  0.33076923\n",
      "   9.85401442  9.930444    9.79581214]\n",
      " [ 1.98956117  3.14156552  3.15654551  0.32715792  0.          0.04092593\n",
      "   9.80918233  9.97969286  9.77304289]\n",
      " [ 2.03048451  3.16705297  3.18155478  0.33076923  0.04092593  0.\n",
      "   9.76868416  9.93977486  9.73216032]\n",
      " [11.77969715 11.71018345 11.73706852  9.85401442  9.80918233  9.76868416\n",
      "   0.          2.64653661  1.48857639]\n",
      " [11.93152328 11.78460236 11.71602441  9.930444    9.97969286  9.93977486\n",
      "   2.64653661  0.          2.14446688]\n",
      " [11.76016387 11.91063644 11.86070383  9.79581214  9.77304289  9.73216032\n",
      "   1.48857639  2.14446688  0.        ]]\n",
      "[962, 963, 964, 965, 966, 967, 968, 969, 970, 971, 972, 973, 974, 975, 976, 977, 978]\n",
      "[[ 0.          2.54023205  7.71795405  7.93578765  7.96885975  7.85034969\n",
      "   7.96155385  8.04229385  8.08426005  8.09467756  8.23637712  8.30700768\n",
      "   8.51316401  8.37102786 11.88763352 11.89172651 11.92529183]\n",
      " [ 2.54023205  0.          8.13277603  7.74276448  7.94617767  8.01755791\n",
      "   7.91568715  7.95353679  7.97021416  8.05265002  8.46740724  8.23643952\n",
      "   8.31968152  8.40303849 11.74738358 11.9423535  11.8458539 ]\n",
      " [ 7.71795405  8.13277603  0.          1.85768344  1.03486084  0.98783914\n",
      "   2.09283161  2.09726053  2.26820178  2.02149763  0.78075925  1.85567535\n",
      "   1.60018497  1.31399196  4.75282666  4.17986122  4.67015701]\n",
      " [ 7.93578765  7.74276448  1.85768344  0.          1.85627406  1.01953345\n",
      "   2.00828917  2.26460613  2.00815142  2.26606552  2.32359297  0.69920462\n",
      "   2.02863902  0.88255737  4.1664359   4.4202532   4.63342956]\n",
      " [ 7.96885975  7.94617767  1.03486084  1.85627406  0.          1.7475528\n",
      "   2.3714891   2.00064898  2.26307527  2.10388611  0.74519994  2.31564925\n",
      "   0.69607362  1.6575049   4.83545793  4.05157882  4.57888326]\n",
      " [ 7.85034969  8.01755791  0.98783914  1.01953345  1.7475528   0.\n",
      "   1.99979563  2.36529656  2.20848323  2.20648685  1.63469723  0.89156944\n",
      "   2.28635727  0.63634536  4.239455    4.22334255  4.62671907]\n",
      " [ 7.96155385  7.91568715  2.09283161  2.00828917  2.3714891   1.99979563\n",
      "   0.          0.39662136  0.24248881  0.30324389  1.99186224  1.67211767\n",
      "   2.02784393  2.34190359  4.05332224  4.70993946  3.98970854]\n",
      " [ 8.04229385  7.95353679  2.09726053  2.26460613  2.00064898  2.36529656\n",
      "   0.39662136  0.          0.27971091  0.18527323  1.75674171  2.01996635\n",
      "   1.63350346  2.72433444  4.09376106  4.52092461  3.9390872 ]\n",
      " [ 8.08426005  7.97021416  2.26820178  2.00815142  2.26307527  2.20848323\n",
      "   0.24248881  0.27971091  0.          0.27327765  2.0132174   1.7437327\n",
      "   1.83938646  2.47236775  3.97485481  4.63126257  3.89903186]\n",
      " [ 8.09467756  8.05265002  2.02149763  2.26606552  2.10388611  2.20648685\n",
      "   0.30324389  0.18527323  0.27327765  0.          1.75138316  1.92530387\n",
      "   1.75521819  2.57634303  4.00447136  4.47298561  3.85739222]\n",
      " [ 8.23637712  8.46740724  0.78075925  2.32359297  0.74519994  1.63469723\n",
      "   1.99186224  1.75674171  2.0132174   1.75138316  0.          2.39728042\n",
      "   0.96013501  1.70320459  4.66315233  3.69901711  4.11562959]\n",
      " [ 8.30700768  8.23643952  1.85567535  0.69920462  2.31564925  0.89156944\n",
      "   1.67211767  2.01996635  1.7437327   1.92530387  2.39728042  0.\n",
      "   2.48467735  0.75028302  3.65836338  4.12892759  4.0930782 ]\n",
      " [ 8.51316401  8.31968152  1.60018497  2.02863902  0.69607362  2.28635727\n",
      "   2.02784393  1.63350346  1.83938646  1.75521819  0.96013501  2.48467735\n",
      "   0.          1.98710262  4.24533739  3.67706459  3.97655391]\n",
      " [ 8.37102786  8.40303849  1.31399196  0.88255737  1.6575049   0.63634536\n",
      "   2.34190359  2.72433444  2.47236775  2.57634303  1.70320459  0.75028302\n",
      "   1.98710262  0.          3.80145236  3.74575165  4.39567999]\n",
      " [11.88763352 11.74738358  4.75282666  4.1664359   4.83545793  4.239455\n",
      "   4.05332224  4.09376106  3.97485481  4.00447136  4.66315233  3.65836338\n",
      "   4.24533739  3.80145236  0.          2.6986473   1.18593219]\n",
      " [11.89172651 11.9423535   4.17986122  4.4202532   4.05157882  4.22334255\n",
      "   4.70993946  4.52092461  4.63126257  4.47298561  3.69901711  4.12892759\n",
      "   3.67706459  3.74575165  2.6986473   0.          2.38917041]\n",
      " [11.92529183 11.8458539   4.67015701  4.63342956  4.57888326  4.62671907\n",
      "   3.98970854  3.9390872   3.89903186  3.85739222  4.11562959  4.0930782\n",
      "   3.97655391  4.39567999  1.18593219  2.38917041  0.        ]]\n",
      "[979, 980, 981]\n",
      "[[0.         2.59203764 1.31763914]\n",
      " [2.59203764 0.         2.32830461]\n",
      " [1.31763914 2.32830461 0.        ]]\n",
      "[982, 983, 984]\n",
      "[[0.         2.39228899 1.17737631]\n",
      " [2.39228899 0.         2.6986175 ]\n",
      " [1.17737631 2.6986175  0.        ]]\n",
      "[985, 986, 987, 988, 989, 990, 991, 992, 993, 994, 995, 996, 997, 998, 999, 1000, 1001, 1002, 1003, 1004, 1005, 1006, 1007, 1008, 1009, 1010, 1011, 1012, 1013, 1014, 1015, 1016, 1017, 1018, 1019, 1020, 1021, 1022, 1023, 1024, 1025, 1026, 1027, 1028, 1029, 1030, 1031, 1032, 1033, 1034, 1035, 1036, 1037, 1038, 1039, 1040, 1041, 1042, 1043, 1044, 1045, 1046, 1047, 1048, 1049, 1050, 1051, 1052, 1053, 1054, 1055, 1056, 1057, 1058, 1059, 1060, 1061, 1062, 1063, 1064, 1065, 1066, 1067, 1068, 1069, 1070, 1071, 1072, 1073, 1074, 1075, 1076, 1077, 1078, 1079, 1080, 1081, 1082, 1083, 1084, 1085, 1086, 1087, 1088, 1089, 1090, 1091, 1092, 1093, 1094, 1095, 1096, 1097, 1098, 1099, 1100, 1101, 1102, 1103, 1104, 1105, 1106, 1107, 1108, 1109, 1110, 1111, 1112, 1113, 1114, 1115, 1116, 1117, 1118, 1119, 1120, 1121, 1122, 1123, 1124, 1125, 1126, 1127, 1128, 1129, 1130, 1131, 1132, 1133, 1134, 1135, 1136, 1137, 1138, 1139, 1140, 1141, 1142, 1143, 1144, 1145, 1146, 1147, 1148, 1149, 1150, 1151, 1152, 1153, 1154, 1155, 1156, 1157, 1158, 1159, 1160, 1161, 1162, 1163, 1164, 1165, 1166, 1167, 1168, 1169, 1170, 1171, 1172, 1173, 1174, 1175, 1176, 1177, 1178, 1179, 1180, 1181, 1182, 1183, 1184, 1185, 1186, 1187, 1188, 1189, 1190, 1191, 1192, 1193, 1194, 1195, 1196, 1197, 1198, 1199, 1200, 1201, 1202, 1203, 1204, 1205, 1206, 1207, 1208, 1209, 1210, 1211, 1212, 1213, 1214, 1215, 1216, 1217, 1218, 1219, 1220, 1221, 1222, 1223, 1224, 1225]\n",
      "[[ 0.          2.67551016  1.82247586 ... 26.25537092 26.29605002\n",
      "  26.39438542]\n",
      " [ 2.67551016  0.          1.7313175  ... 26.07617271 26.11700874\n",
      "  26.21567676]\n",
      " [ 1.82247586  1.7313175   0.         ... 26.02383922 26.06469218\n",
      "  26.16342682]\n",
      " ...\n",
      " [26.25537092 26.07617271 26.02383922 ...  0.          0.04086806\n",
      "   0.13963074]\n",
      " [26.29605002 26.11700874 26.06469218 ...  0.04086806  0.\n",
      "   0.09876315]\n",
      " [26.39438542 26.21567676 26.16342682 ...  0.13963074  0.09876315\n",
      "   0.        ]]\n",
      "[1226, 1227, 1228, 1229]\n",
      "[[0.         2.24902712 1.03982338 2.00535535]\n",
      " [2.24902712 0.         2.61091586 0.77269442]\n",
      " [1.03982338 2.61091586 0.         2.90314432]\n",
      " [2.00535535 0.77269442 2.90314432 0.        ]]\n",
      "[1230, 1231, 1232]\n",
      "[[0.         1.78655451 2.63990349]\n",
      " [1.78655451 0.         1.37784893]\n",
      " [2.63990349 1.37784893 0.        ]]\n",
      "[1233, 1234, 1235]\n",
      "[[0.         0.59814222 0.45623481]\n",
      " [0.59814222 0.         0.31407643]\n",
      " [0.45623481 0.31407643 0.        ]]\n",
      "[1236, 1237, 1238, 1239, 1240, 1241, 1242, 1243, 1244, 1245, 1246, 1247, 1248, 1249, 1250, 1251, 1252, 1253, 1254, 1255, 1256, 1257, 1258, 1259, 1260, 1261, 1262, 1263, 1264, 1265, 1266, 1267, 1268, 1269, 1270, 1271, 1272, 1273, 1274, 1275, 1276, 1277, 1278, 1279, 1280, 1281, 1282, 1283, 1284, 1285, 1286, 1287, 1288, 1289, 1290, 1291, 1292, 1293, 1294, 1295, 1296, 1297, 1298, 1299, 1300, 1301, 1302, 1303, 1304, 1305, 1306, 1307, 1308, 1309, 1310, 1311, 1312, 1313, 1314, 1315, 1316, 1317, 1318, 1319, 1320, 1321, 1322, 1323, 1324, 1325, 1326, 1327, 1328, 1329, 1330, 1331, 1332, 1333, 1334, 1335, 1336, 1337, 1338, 1339, 1340, 1341, 1342, 1343, 1344, 1345, 1346, 1347, 1348, 1349, 1350, 1351, 1352, 1353, 1354, 1355, 1356, 1357, 1358, 1359, 1360, 1361, 1362, 1363, 1364, 1365, 1366, 1367, 1368, 1369, 1370, 1371, 1372, 1373, 1374, 1375, 1376, 1377, 1378, 1379, 1380, 1381, 1382, 1383, 1384, 1385, 1386, 1387, 1388, 1389, 1390, 1391, 1392, 1393, 1394, 1395, 1396, 1397, 1398, 1399, 1400, 1401, 1402, 1403, 1404, 1405, 1406, 1407, 1408, 1409, 1410, 1411, 1412, 1413, 1414, 1415, 1416, 1417, 1418, 1419, 1420, 1421, 1422, 1423, 1424, 1425, 1426, 1427, 1428, 1429, 1430, 1431, 1432, 1433, 1434, 1435, 1436, 1437, 1438, 1439, 1440, 1441, 1442, 1443, 1444, 1445, 1446, 1447, 1448, 1449, 1450, 1451, 1452, 1453, 1454, 1455, 1456, 1457, 1458, 1459, 1460, 1461, 1462, 1463, 1464, 1465, 1466, 1467, 1468, 1469, 1470, 1471, 1472, 1473, 1474, 1475, 1476, 1477, 1478, 1479]\n",
      "[[ 0.          1.10219819  2.20529657 ... 71.59179441 71.60964872\n",
      "  71.65075628]\n",
      " [ 1.10219819  0.          2.66616022 ... 71.55183128 71.58818981\n",
      "  71.60512205]\n",
      " [ 2.20529657  2.66616022  0.         ... 71.476518   71.50591872\n",
      "  71.53211544]\n",
      " ...\n",
      " [71.59179441 71.55183128 71.476518   ...  0.          0.34306431\n",
      "   0.21349855]\n",
      " [71.60964872 71.58818981 71.50591872 ...  0.34306431  0.\n",
      "   0.51613212]\n",
      " [71.65075628 71.60512205 71.53211544 ...  0.21349855  0.51613212\n",
      "   0.        ]]\n",
      "[1480, 1481]\n",
      "[[0.         0.37533157]\n",
      " [0.37533157 0.        ]]\n",
      "[1482, 1483, 1484, 1485, 1486, 1487, 1488, 1489]\n",
      "[[0.         0.36666869 0.87070101 4.98577723 4.94854058 5.15483031\n",
      "  5.72901657 5.29913692]\n",
      " [0.36666869 0.         1.09700832 5.04166259 4.98669024 5.19743225\n",
      "  5.71889435 5.29070689]\n",
      " [0.87070101 1.09700832 0.         4.86264466 4.86329196 5.064031\n",
      "  5.39484332 5.25396787]\n",
      " [4.98577723 5.04166259 4.86264466 0.         0.25887521 0.270985\n",
      "  1.62278762 0.92989281]\n",
      " [4.94854058 4.98669024 4.86329196 0.25887521 0.         0.21983522\n",
      "  1.80847812 0.72377325]\n",
      " [5.15483031 5.19743225 5.064031   0.270985   0.21983522 0.\n",
      "  1.74942305 0.73602674]\n",
      " [5.72901657 5.71889435 5.39484332 1.62278762 1.80847812 1.74942305\n",
      "  0.         1.89681554]\n",
      " [5.29913692 5.29070689 5.25396787 0.92989281 0.72377325 0.73602674\n",
      "  1.89681554 0.        ]]\n",
      "[1490, 1491, 1492]\n",
      "[[0.         1.81851254 2.73981981]\n",
      " [1.81851254 0.         1.41111325]\n",
      " [2.73981981 1.41111325 0.        ]]\n",
      "[1493, 1494, 1495]\n",
      "[[0.         1.73475634 1.70177114]\n",
      " [1.73475634 0.         2.51348994]\n",
      " [1.70177114 2.51348994 0.        ]]\n",
      "[1496, 1497]\n",
      "[[0.         1.96250772]\n",
      " [1.96250772 0.        ]]\n",
      "[1498, 1499, 1500]\n",
      "[[0.         1.78808806 2.93655277]\n",
      " [1.78808806 0.         1.45010318]\n",
      " [2.93655277 1.45010318 0.        ]]\n",
      "[1501, 1502, 1503]\n",
      "[[0.         0.13517627 0.70395079]\n",
      " [0.13517627 0.         0.70655219]\n",
      " [0.70395079 0.70655219 0.        ]]\n",
      "[1504, 1505, 1506, 1507, 1508]\n",
      "[[0.         0.0338092  0.23415286 1.39734189 0.99925815]\n",
      " [0.0338092  0.         0.21501615 1.42344928 0.96816615]\n",
      " [0.23415286 0.21501615 0.         1.43870928 0.85182771]\n",
      " [1.39734189 1.42344928 1.43870928 0.         1.9411    ]\n",
      " [0.99925815 0.96816615 0.85182771 1.9411     0.        ]]\n",
      "[1509, 1510, 1511, 1512]\n",
      "[[0.         0.03639137 1.80715607 1.80784933]\n",
      " [0.03639137 0.         1.80243866 1.8030036 ]\n",
      " [1.80715607 1.80243866 0.         0.02592672]\n",
      " [1.80784933 1.8030036  0.02592672 0.        ]]\n",
      "[1513, 1514, 1515]\n",
      "[[0.         1.69030014 3.01342368]\n",
      " [1.69030014 0.         1.39362467]\n",
      " [3.01342368 1.39362467 0.        ]]\n",
      "[1516, 1517]\n",
      "[[0.         2.03247801]\n",
      " [2.03247801 0.        ]]\n",
      "[1518, 1519, 1520]\n",
      "[[0.         1.39785067 3.00614665]\n",
      " [1.39785067 0.         1.68940972]\n",
      " [3.00614665 1.68940972 0.        ]]\n",
      "[1521, 1522, 1523, 1524, 1525, 1526]\n",
      "[[0.         0.18531891 1.38156209 0.71695406 9.33854428 9.36770159]\n",
      " [0.18531891 0.         1.54995144 0.79313077 9.33778001 9.35621313]\n",
      " [1.38156209 1.54995144 0.         1.48913439 9.38350664 9.48956402]\n",
      " [0.71695406 0.79313077 1.48913439 0.         9.24638545 9.26701466]\n",
      " [9.33854428 9.33778001 9.38350664 9.24638545 0.         0.54564265]\n",
      " [9.36770159 9.35621313 9.48956402 9.26701466 0.54564265 0.        ]]\n",
      "[1527, 1528, 1529, 1530, 1531, 1532]\n",
      "[[0.         0.08358624 1.48358646 5.34232919 5.34884221 5.27997121]\n",
      " [0.08358624 0.         1.53377744 5.3343871  5.34067484 5.26295569]\n",
      " [1.48358646 1.53377744 0.         4.43357481 4.44384417 4.76391888]\n",
      " [5.34232919 5.3343871  4.43357481 0.         0.01623342 1.54920725]\n",
      " [5.34884221 5.34067484 4.44384417 0.01623342 0.         1.53621656]\n",
      " [5.27997121 5.26295569 4.76391888 1.54920725 1.53621656 0.        ]]\n",
      "[1533, 1534, 1535, 1536, 1537, 1538, 1539]\n",
      "[[0.         0.25605949 1.11827264 9.30451471 9.32391012 9.31541739\n",
      "  9.58337913]\n",
      " [0.25605949 0.         0.88957038 9.27319198 9.28932385 9.3320949\n",
      "  9.62072058]\n",
      " [1.11827264 0.88957038 0.         8.95684745 8.96517536 9.17598956\n",
      "  9.44924311]\n",
      " [9.30451471 9.27319198 8.95684745 0.         0.12194613 1.77593941\n",
      "  2.85458335]\n",
      " [9.32391012 9.28932385 8.96517536 0.12194613 0.         1.8873189\n",
      "  2.73413952]\n",
      " [9.31541739 9.3320949  9.17598956 1.77593941 1.8873189  0.\n",
      "  1.60798336]\n",
      " [9.58337913 9.62072058 9.44924311 2.85458335 2.73413952 1.60798336\n",
      "  0.        ]]\n",
      "[1540, 1541, 1542, 1543, 1544]\n",
      "[[0.         1.89606492 1.71794096 9.66574412 9.73406059]\n",
      " [1.89606492 0.         1.44217095 9.56915691 9.78623607]\n",
      " [1.71794096 1.44217095 0.         9.65287698 9.93602695]\n",
      " [9.66574412 9.56915691 9.65287698 0.         1.95498599]\n",
      " [9.73406059 9.78623607 9.93602695 1.95498599 0.        ]]\n",
      "[1545, 1546, 1547, 1548, 1549]\n",
      "[[ 0.          0.88176893  9.84502481 10.01165354 10.32665759]\n",
      " [ 0.88176893  0.          9.81631387 10.15274655 10.11278928]\n",
      " [ 9.84502481  9.81631387  0.          2.01614573  2.6017249 ]\n",
      " [10.01165354 10.15274655  2.01614573  0.          1.66525036]\n",
      " [10.32665759 10.11278928  2.6017249   1.66525036  0.        ]]\n",
      "[1550, 1551, 1552, 1553, 1554, 1555, 1556, 1557, 1558, 1559, 1560, 1561, 1562, 1563, 1564, 1565, 1566, 1567, 1568, 1569, 1570, 1571, 1572, 1573, 1574, 1575, 1576, 1577, 1578, 1579, 1580, 1581, 1582, 1583, 1584, 1585, 1586, 1587, 1588, 1589, 1590, 1591, 1592, 1593, 1594, 1595, 1596, 1597, 1598, 1599, 1600, 1601, 1602, 1603, 1604, 1605, 1606, 1607, 1608]\n",
      "[[ 0.          1.99711384  6.70532103 ... 20.17231732 26.0450407\n",
      "  26.1840989 ]\n",
      " [ 1.99711384  0.          6.30691556 ... 20.1337568  26.04889559\n",
      "  26.07067741]\n",
      " [ 6.70532103  6.30691556  0.         ... 14.02922355 19.90096417\n",
      "  19.87336266]\n",
      " ...\n",
      " [20.17231732 20.1337568  14.02922355 ...  0.          6.5840736\n",
      "   6.127651  ]\n",
      " [26.0450407  26.04889559 19.90096417 ...  6.5840736   0.\n",
      "   1.85643767]\n",
      " [26.1840989  26.07067741 19.87336266 ...  6.127651    1.85643767\n",
      "   0.        ]]\n",
      "[1609, 1610]\n",
      "[[0.         0.66310939]\n",
      " [0.66310939 0.        ]]\n",
      "[1611, 1612, 1613, 1614, 1615, 1616]\n",
      "[[0.         0.19250825 0.5002919  0.81210916 5.19377708 5.2735589 ]\n",
      " [0.19250825 0.         0.47142576 0.92122117 5.21883556 5.22892664]\n",
      " [0.5002919  0.47142576 0.         1.30073491 5.22131698 5.20135237]\n",
      " [0.81210916 0.92122117 1.30073491 0.         5.0915151  5.36386308]\n",
      " [5.19377708 5.21883556 5.22131698 5.0915151  0.         1.94152206]\n",
      " [5.2735589  5.22892664 5.20135237 5.36386308 1.94152206 0.        ]]\n",
      "[1617, 1618, 1619, 1620, 1621, 1622, 1623, 1624, 1625, 1626, 1627, 1628, 1629, 1630, 1631, 1632, 1633, 1634, 1635, 1636, 1637, 1638, 1639, 1640, 1641, 1642, 1643]\n",
      "[[0.         1.69187359 6.09364541 6.18796063 5.96290253 5.97757804\n",
      "  6.43267488 6.16097393 6.18130735 6.5635464  6.74424466 6.36153965\n",
      "  6.2530028  6.3144669  6.27934712 6.41846853 6.48124602 6.67374859\n",
      "  6.44172106 6.87659287 6.88841919 6.98980219 6.6784303  6.7018595\n",
      "  6.87274345 6.79071823 6.8552967 ]\n",
      " [1.69187359 0.         6.11513525 5.99230751 5.954391   6.02752829\n",
      "  5.98748099 6.5101107  6.01538892 6.49147574 6.25002069 6.70743489\n",
      "  6.28224942 6.2628194  6.49634343 6.2592442  6.92292184 6.38398396\n",
      "  6.62423045 6.7441221  6.79469037 6.61134976 6.65268202 6.88269775\n",
      "  6.63897748 6.92273925 6.75717275]\n",
      " [6.09364541 6.11513525 0.         0.37600908 2.66671245 2.16657654\n",
      "  1.78459274 0.74771162 2.75703911 0.8203538  1.45884377 1.25058203\n",
      "  2.22786141 2.25553525 1.82558378 2.77348089 1.29450194 2.00039571\n",
      "  2.29479183 1.1869109  1.13351514 1.65463894 2.75443554 1.75703085\n",
      "  2.6233955  1.61035791 2.90441798]\n",
      " [6.18796063 5.99230751 0.37600908 0.         2.56238418 2.13481355\n",
      "  1.52721509 1.03919424 2.49779803 0.95576266 1.27291953 1.57999692\n",
      "  2.16985686 2.07993499 2.00610055 2.41065012 1.60676997 1.65825089\n",
      "  2.59223509 1.26990365 1.23407178 1.55065828 2.61846422 1.86510803\n",
      "  2.27590179 1.65967277 2.8216332 ]\n",
      " [5.96290253 5.954391   2.66671245 2.56238418 0.         0.50514118\n",
      "  1.75073995 2.0682761  0.86785489 2.87764199 2.1737569  2.10102977\n",
      "  0.57308058 0.62827149 1.05053419 0.68132252 1.87232554 1.31543434\n",
      "  0.94509266 2.7356353  2.81401862 2.23112057 0.72168853 1.40845243\n",
      "  1.17206753 1.60013104 1.21124204]\n",
      " [5.97757804 6.02752829 2.16657654 2.13481355 0.50514118 0.\n",
      "  2.11361054 1.63118311 1.35812664 2.79102749 2.5131887  2.07563541\n",
      "  0.27773157 0.46178886 0.71560988 1.02623908 1.60511362 1.33399199\n",
      "  0.9789976  3.00269306 2.92702931 2.66298151 0.8256322  1.02393646\n",
      "  1.42506293 1.17310402 1.60741166]\n",
      " [6.43267488 5.98748099 1.78459274 1.52721509 1.75073995 2.11361054\n",
      "  0.         2.45329368 0.99046584 1.3841637  0.4568887  2.00093036\n",
      "  2.07345643 1.81686185 2.75359266 1.22807005 2.64271678 1.11752047\n",
      "  2.32698336 1.30066185 1.3927721  0.74599287 1.85998425 2.8217814\n",
      "  1.14781253 2.64106746 1.36824561]\n",
      " [6.16097393 6.5101107  0.74771162 1.03919424 2.0682761  1.63118311\n",
