K: 0.002798 +/- 7.86e-06
Index: -1.046 +/- 0.00774
