K: 0.002781 +/- 7.53e-06
Index: -1.051 +/- 0.00745
