K: 0.00849 +/- 1.12e-05
Index: -2.13 +/- 0.00435
