K: 0.006314 +/- 1.03e-05
Index: -2.13 +/- 0.00568
