K: 0.006314 +/- 1.05e-05
Index: -2.13 +/- 0.00562
