K: 0.00632 +/- 1.34e-05
Index: -2.149 +/- 0.00722
