K: 0.00632 +/- 1.31e-05
Index: -2.149 +/- 0.00737
